QUESTION 1
Output of numpy.allclose(my_cov, numpy_cov):
True

QUESTION 2
Variance:
10433.1074068

QUESTION 3
Covariance matrix in eigendecomposition form:

[[ 1794.6865715    598.83205617    14.06348988    -2.80023307  -924.38549971  -258.71355174    11.81338662    -9.70630726  1324.7944745 ]
 [  598.83205617   336.56008561     6.22077467    -1.17816446  -289.95710021  -164.88506444    15.18528844    31.6350305    461.76192141]
 [   14.06348988     6.22077467     0.22333774    -0.04224101    -4.47284297     2.29341395     0.15211334    -2.30280376    15.43465577]
 [   -2.80023307    -1.17816446    -0.04224101     0.01221199     0.65529823    -0.66935395    -0.02523773     0.66287233    -2.51566226]
 [ -924.38549971  -289.95710021    -4.47284297     0.65529823  3505.17347722   827.43924092     3.14776536   -86.06182472  -914.64263057]
 [ -258.71355174  -164.88506444     2.29341395    -0.66935395   827.43924092  2600.87528601   -18.26540021  -247.97204187   141.1077359 ]
 [   11.81338662    15.18528844     0.15211334    -0.02523773     3.14776536   -18.26540021   433.75940646     2.53290106    17.78426281]
 [   -9.70630726    31.6350305     -2.30280376     0.66287233   -86.06182472  -247.97204187     2.53290106   681.36317835  -430.23062581]
 [ 1324.7944745    461.76192141    15.43465577    -2.51566226  -914.64263057   141.1077359     17.78426281  -430.23062581  5584.54635284]]
